183.21489810943604
253.4641444683075
198.4906417131424
201.13424170017242
202.9841729402542
190.01626920700073
184.31777024269104
153.84588599205017
161.53537118434906
168.97020292282104
219.5768837928772
158.33578979969025
184.2454024553299
153.3123061656952
161.24635291099548
177.1782442331314
178.93443739414215
165.09694647789001
155.1328489780426
162.64226472377777
163.91668701171875
194.2907271385193
180.61067354679108
170.2275458574295
166.82325959205627
164.88333010673523
168.48726868629456
196.93706786632538
170.96927523612976
171.96282291412354
184.59282565116882
191.38866567611694
183.77160739898682
182.16753613948822
185.8756138086319
186.67097985744476
185.94280529022217
191.68439412117004
194.28359401226044
200.19020223617554
198.72239565849304
200.76706337928772
199.51091289520264
198.4174678325653
197.99119102954865
207.55038106441498
202.57836043834686
199.72053623199463
200.48660111427307
204.413525223732
201.85724341869354
207.57580637931824
199.91998159885406
203.63129997253418
206.05757987499237
200.6445027589798
198.1564897298813
194.87133371829987
200.69472479820251
200.06541740894318
193.54836773872375
203.21867763996124
196.43368756771088
198.0310401916504
187.58759701251984
193.52014791965485
189.58222711086273
187.34868490695953
187.25502860546112
185.9363076686859
177.0631880760193
183.09091770648956
174.61792922019958
184.35748088359833
181.7144854068756
179.44929778575897
180.98869466781616
163.73744177818298
171.48249173164368
176.3256412744522
163.52167546749115
161.93756783008575
162.706711769104
165.66930174827576
183.08424711227417
166.67734289169312
168.9061323404312
158.17206478118896
179.19111573696136
173.6594945192337
157.79372692108154
172.78899717330933
197.59305620193481
174.3187826871872
167.17301988601685
194.3825490474701
198.34302926063538
179.2781708240509
165.87451922893524
188.06285798549652
231.9492118358612
