0.4401
0.3219
0.4041
0.3818
0.3829
0.393
0.4093
0.468
0.4477
0.4224
0.3083
0.446
0.367
0.4556
0.4284
0.3765
0.3616
0.4089
0.4528
0.4224
0.42
0.302
0.3536
0.3858
0.4021
0.4268
0.4168
0.2758
0.4035
0.4014
0.3491
0.3031
0.3518
0.3594
0.3492
0.3437
0.3621
0.3203
0.3168
0.2765
0.2859
0.2855
0.2839
0.3039
0.319
0.2491
0.2693
0.2971
0.2935
0.2841
0.2793
0.2514
0.3105
0.2643
0.2558
0.2861
0.2958
0.3087
0.286
0.2954
0.3176
0.2786
0.3119
0.3074
0.3624
0.3392
0.3452
0.3469
0.3627
0.3525
0.403
0.3574
0.4019
0.3338
0.3552
0.3694
0.3509
0.4352
0.3904
0.3637
0.4243
0.4258
0.4223
0.4118
0.3488
0.4123
0.3987
0.4496
0.3741
0.3778
0.4377
0.4152
0.3496
0.4261
0.4413
0.3834
0.3863
0.418
0.4679
0.4314
0.3496
