0.19638
0.19332
0.18354
0.19948
0.18384
0.1926
0.1858
0.20768
0.18746
0.21172
0.21312
0.2026
0.19956
0.22808
0.2185
0.2116
0.20478
0.21278
0.2214
0.23432
0.21748
0.24392
0.24824
0.21926
0.2584
0.21252
0.25372
0.23322
0.24866
0.26198
0.30858
0.28676
0.26392
0.28442
0.28386
0.3168
0.33374
0.32042
0.34594
0.31732
0.32052
0.36288
0.36066
0.32944
0.3234
0.4226
0.39476
0.41704
0.4181
0.3536
0.44056
0.42082
0.43514
0.3877
0.42886
0.44402
0.39274
0.37136
0.48888
0.4221
0.40672
0.4753
0.35014
0.44612
0.39398
0.29784
0.30894
0.34264
0.37944
0.34416
0.30928
0.33894
0.29604
0.30734
0.30026
0.26604
0.26236
0.31646
0.29416
0.323
0.32004
0.36438
0.35488
0.38096
0.38394
0.41088
0.39984
0.45422
0.4001
0.41832
0.41992
0.41324
0.42358
0.456
0.45824
0.40798
0.41454
0.42392
0.40982
0.38182
0.36732
0.38758
0.37862
0.3575
0.32602
0.34812
0.3293
0.35404
0.29914
0.30966
0.31646
0.29866
0.2936
0.2433
0.2974
0.2775
0.26464
0.23382
0.24026
0.2218
0.19906
0.23078
0.21636
0.2209
0.20848
0.20848
0.2059
0.17456
0.1906
0.1686
0.19374
0.16648
0.18336
0.15834
0.16956
0.17328
0.14742
0.15884
0.16958
0.14914
0.15902
0.1459
0.15728
0.1548
0.14562
0.14164
0.13982
0.13954
0.13084
0.13556
