29205.378116607666
27489.05320739746
28480.89967727661
24179.91460800171
26592.19089126587
24539.86199951172
23617.551387786865
20204.041288375854
21956.781200408936
18262.170139312744
16523.311889648438
18155.67964553833
16764.915880203247
14003.0648021698
13866.270547866821
14368.846799850464
14245.994668960571
12984.776584625244
11816.113489151001
10301.393933296204
10854.4765625
8968.2396774292
8628.361450195312
9334.593503952026
7358.5758447647095
9174.426359176636
6590.052477836609
7481.921190261841
6404.084044456482
5407.603660583496
4079.006453037262
4291.615278244019
4666.043842315674
3943.3030214309692
3957.0511140823364
3195.207161426544
2676.4170882701874
2805.9081621170044
2271.6715660095215
2565.8419876098633
2331.3479771614075
1862.7325971126556
1773.943368434906
1919.4080967903137
1896.8788976669312
1187.7100199460983
1235.0981216430664
1099.524961590767
1015.7637236118317
1271.318160533905
878.3371453285217
917.191199183464
857.57721555233
977.6908289194107
845.089940905571
803.4309941530228
886.9884244203568
903.921887755394
727.4898713827133
804.3307313919067
825.5863404273987
758.1244162321091
900.793115735054
810.4692289829254
871.0139441490173
951.553808093071
952.3018705844879
936.3455048799515
908.1672588586807
945.5166920423508
986.3292955160141
953.7085075378418
984.9606465101242
993.1541124582291
990.9661922454834
1031.9741368293762
1033.3670010566711
991.9368281364441
994.3591821193695
993.621759057045
980.8831269741058
940.0285017490387
959.172237277031
917.9270956516266
920.1657238006592
881.878634929657
878.3181813955307
820.2709361314774
842.4525626897812
812.5381499528885
803.5559561252594
817.0561447143555
788.3789798021317
759.4579932689667
775.2886320352554
871.5305510759354
845.7731177806854
850.3437429666519
947.4226588010788
1035.2497594356537
1129.2827978134155
1119.053229212761
1170.8082411289215
1341.508918762207
1499.627597808838
1522.4810104370117
1617.296688079834
1630.1123011112213
2109.285748720169
2202.547213077545
2307.6016993522644
2457.285713195801
2800.757541656494
3696.867932319641
2895.1793978214264
3295.667375564575
3883.2686896324158
4572.899059295654
4540.860821723938
5346.747502326965
6279.635873794556
5845.209154129028
6398.211082458496
6504.728076934814
7211.962865829468
7955.292185783386
8334.709053993225
10031.679922103882
9772.444869041443
11402.54727935791
10319.251054763794
12621.926620483398
12332.866569519043
14343.88116645813
14143.355115890503
14264.765760421753
17692.9554977417
17682.32409286499
17066.17960166931
19970.030168533325
19239.688480377197
22309.33697128296
21373.40491294861
22597.469745635986
25244.328720092773
26613.91524887085
27833.541870117188
28985.006275177002
33147.41883468628
32846.082695007324
